[00:00:00]
        ambient                          = tuman
        ambient_color                    = 0.008000, 0.008000, 0.008000
        clouds_color                     = 0.225, 0.225, 0.225, 1, 1
        clouds_texture                   = a\a_cloud_clear
        far_plane                        = 470.000000
        fog_color                        = 0.020000, 0.020000, 0.020000
        fog_density                      = 0.500000
        fog_distance                     = 425.000000
        hemisphere_color                 = 0.050000, 0.050000, 0.050000, 1.000000
        rain_color                       = 0.345098, 0.309804, 0.262745
        rain_density                     = 0.000000
        sky_color                        = 0.2, 0.2, 0.2
        sky_rotation                     = 0.000000
        sky_texture                      = a\a_test_gray;sky\default_07_dark
        sun                              = sun_rise
        sun_altitude                     = -68.999985
        sun_color                        = 0.000000, 0.000000, 0.000000
        sun_longitude                    = -3.000000
        sun_shafts_intensity             = 0.000000
        thunderbolt_collection           =
        thunderbolt_duration             = 0.000000
        thunderbolt_period               = 0.000000

		dwmfog							 = 0.5
		dwmfog_rgbs						 = 0.19, 0.19, 0.19, 0.00175
		dwmfog_ph						 = 55, 175, 7, 0.03

		; % отражаемого в воде
        water_reflectance = 0.225

[12:00:00]
        ambient                          = tuman
        ambient_color                    = 0.01, 0.01, 0.01
        clouds_color                     = 0.5, 0.5, 0.5, 0.65, 1
        clouds_texture                   = a\a_cloud_clear
        far_plane                        = 470.000000
        fog_color                        = 0.086882, 0.090804, 0.098647
        fog_density                      = 0.500000
        fog_distance                     = 425.000000
        hemisphere_color                 = 0.28, 0.27, 0.26, 1.000000
        rain_color                       = 0.345098, 0.309804, 0.262745
        rain_density                     = 0.000000
        sky_color                        = 0.681000, 0.681000, 0.681000
        sky_rotation                     = 0.000000
        sky_texture                      = a\a_test_gray;sky\default_08
        sun                              = gradient1
        sun_altitude                     = -68.999985
        sun_color                        = 0.050000, 0.040000, 0.010000
        sun_longitude                    = -30.000000
        sun_shafts_intensity             = 0.000000
        thunderbolt_collection           =
        thunderbolt_duration             = 0.000000
        thunderbolt_period               = 0.000000
		dwmfog							 = 0.5
		dwmfog_rgbs						 = 0.35, 0.35, 0.35, 0.00175
		dwmfog_ph						 = 55, 175, 7, 0.03

		; % отражаемого в воде
        water_reflectance = 0.475