[00:00:00]
        ambient                          = dwm_veter_rain
        ambient_color                    = 0.02, 0.02, 0.02
        clouds_color                     = 0.225, 0.225, 0.225, 1, 1
        clouds_texture                   = a\a_cloud
        far_plane                        = 375.000000
        fog_color                        = 0.020000, 0.020000, 0.020000
        fog_density                      = 0.500000
        fog_distance                     = 175 ; для тумана будет новый слот, это скайбленд !!! ; 125.000000
        hemisphere_color                 = 0.17, 0.17, 0.2, 1.000000
        rain_color                       = 0.25,0.25,0.25
        rain_density                     = 1
		rain_new_rotatex				 = 72
		veter_new_sped			 		 = 0.25
		veter_new_rad			 		 = 2
		veter_new_amp			 		 = 0.025
        sky_color                        = 0.2, 0.2, 0.2
        sky_rotation                     = 0.000000
        sky_texture                      = a\a_test_gray;sky\default_07_dark
        sun                              = sun_rise
        sun_altitude                     = -68.999985
        sun_color                        = 0.000000, 0.000000, 0.000000
        sun_longitude                    = -3.000000
        sun_shafts_intensity             = 0.1
        thunderbolt_collection           = collection_default
        thunderbolt_duration             = 0.35
        thunderbolt_period               = 20
        ; УДАЛЕНО ; water_intensity                  = 0.100000

		dwmfog							 = 0.5
		dwmfog_rgbs						 = 0.125, 0.125, 0.125, 0.00175
		dwmfog_ph						 = 55, 175, 7, 0.03

		; % отражаемого в воде
        water_reflectance = 0.225

[12:00:00]
        ambient                          = dwm_veter_rain
        ambient_color                    = 0.02, 0.02, 0.02
        clouds_color                     = 1, 1, 1, 1, 1
        clouds_texture                   = a\a_cloud
        far_plane                        = 375.000000
        fog_color                        = 0.086882, 0.090804, 0.098647
        fog_density                      = 0.500000
        fog_distance                     = 175 ; для тумана будет новый слот, это скайбленд !!! ; 125.000000
        hemisphere_color                 = 0.25, 0.25, 0.25, 1.000000
        rain_color                       = 0.2,0.2,0.2
        rain_density                     = 1
		rain_new_rotatex				 = 72
		veter_new_sped			 		 = 0.25
		veter_new_rad			 		 = 2
		veter_new_amp			 		 = 0.025
        sky_color                        = 0.521000, 0.571000, 0.621000
        sky_rotation                     = 0.000000
        sky_texture                      = a\a_test_gray;a\a_a_1200
        sun                              = gradient1
        sun_altitude                     = -68.999985
        sun_color                        = 0.00000, 0.00000, 0.00000
        sun_longitude                    = -30.000000
        sun_shafts_intensity             = 0.1
        thunderbolt_collection           = collection_default
        thunderbolt_duration             = 0.35
        thunderbolt_period               = 20
        ; УДАЛЕНО ; water_intensity                  = 1.000000

		dwmfog							 = 0.5
		dwmfog_rgbs						 = 0.3, 0.3, 0.3, 0.00175
		dwmfog_ph						 = 55, 175, 7, 0.03

		; % отражаемого в воде
        water_reflectance = 0.475
